import numpy as np

BACK = {
    "K": np.matrix([[233.8023948358759, 0.0, 319.18098083378686],
                    [0.0, 235.029598814203, 230.0816837094292],
                    [0.0, 0.0, 1.0]]),
    "D": np.matrix([[-0.03728316338273715], [0.064970747106063], [-0.1280365744356986], [0.0746922030634132]]),
    "T": np.matrix([[-0.014438624439362878, 0.999703156763941, 0.019624588671109708, 0.02805094069587906],
                    [-0.6749437018426232, -0.024225023632511857, 0.7374714554292799, -0.19990103713561336],
                    [0.7377279481402851, -0.002597419145123949, 0.675093125388275, -0.27215031453153804],
                    [0.0, 0.0, 0.0, 1.]])
}
FRONT = {
    "K": np.matrix([[215.55625191848213, 0.0, 329.098771437234],
                    [0.0, 216.61185821474132, 231.26915592635174],
                    [0.0, 0.0, 1.0]]),
    "D": np.matrix([[0.039869449286715763], [-0.013864212291013613], [-0.029857251916734356], [0.033996487636925955]]),
    "T": np.matrix([[-0.014438624439362878, 0.999703156763941, 0.019624588671109708, 0.02805094069587906],
                    [-0.6749437018426232, -0.024225023632511857, 0.7374714554292799, -0.19990103713561336],
                    [0.7377279481402851, -0.002597419145123949, 0.675093125388275, -0.27215031453153804],
                    [0.0, 0.0, 0.0, 1.]])
}
LEFT = {
    "K": np.matrix([[238.34997484819695, 0.0, 326.53544153974417],
                    [0.0, 238.81386063611134, 240.7183666495277],
                    [0.0, 0.0, 1.0]]),
    "D": np.matrix([[-0.029966485422785252], [-0.022588531471370504], [0.049646873062577354], [-0.04000003516378078]]),
    "T": np.matrix([[-0.014438624439362878, 0.999703156763941, 0.019624588671109708, 0.02805094069587906],
                    [-0.6749437018426232, -0.024225023632511857, 0.7374714554292799, -0.19990103713561336],
                    [0.7377279481402851, -0.002597419145123949, 0.675093125388275, -0.27215031453153804],
                    [0.0, 0.0, 0.0, 1.]])
}
RIGHT = {
    "K": np.matrix([[236.63876861800844, 0.0, 318.10479837173074],
                    [0.0, 236.02443896390108, 243.20083824811755],
                    [0.0, 0.0, 1.0]]),
    "D": np.matrix([[-0.035914829448729285], [0.011278361782286755], [-0.017546593017396903], [0.006029226403845235]]),
    "T": np.matrix([[-0.014438624439362878, 0.999703156763941, 0.019624588671109708, 0.02805094069587906],
                    [-0.6749437018426232, -0.024225023632511857, 0.7374714554292799, -0.19990103713561336],
                    [0.7377279481402851, -0.002597419145123949, 0.675093125388275, -0.27215031453153804],
                    [0.0, 0.0, 0.0, 1.]])
}

ORIGINAL_RESOLUTION = (1280, 720)
TARGET_RESOLUTION = (3000, 3000)
